1 32768
c b
2028379696
1804894896
265503967
1974235023
1117357854
3176485329
2663280464
3004081207
3418550751
3354407062
3994562113
4181538315
2504359235
1988461863
3797918757
1395451273
4147866156
11597069
3032992341
3625984620
2333950599
1808099074
1388357430
1703192993
3725512540
4218641583
4175660512
2344078516
2072508986
2348278811
2010063335
1079170273
995512786
587418034
3922608205
1426704980
137207786
3164824527
2519089896
3341137498
3073322571
741258602
2921681708
1585513244
2813039586
1354864097
2625130095
3713039388
1264840105
3452879725
1116801231
3971691414
174694738
1904235541
1430247610
969612747
1206894514
660272770
3501279894
2903304464
2559043719
2871659554
1546537659
1885153615
405256600
3736336883
2167700600
2548767880
2983526929
3370256951
1706331286
724393000
1891954561
2996567565
4090764335
999762871
3308750817
2946963962
1137896003
3592479490
4103943563
3559928929
692651898
4244984719
2098081930
941782464
2863629005
3717619689
2796907949
3866237100
3970454964
1833532802
2988975959
3955498898
2723747636
1722431538
3579720389
3408078427
3652383889
3492260344
1318494244
1702295540
1859099743
1100228378
4288394609
104258105
3690314808
1346131491
3056122856
3493049713
3826128676
3403307023
1748572185
3479414828
410398327
1326093829
1863224357
1747063149
2012355712
1026950689
3676021069
2433088074
291582092
2831255859
483653424
2374840826
970056961
522031162
3043901438
2268335150
3129906670
2525710860
1095408853
595742623
2883494226
2938034539
558926313
1293668149
432744118
3200983749
2872812432
2905026260
3366212357
2929436470
1834811653
2842336859
2226548439
2026339216
932865820
3953215676
3357950267
247825205
1680713448
3546230479
3468714623
1163001095
2598444010
580506529
496983081
3252274403
3666798940
1012855382
1359238291
2476875786
744988713
822851585
971138280
362917192
3667412766
3936193026
4142214709
4182061167
986608020
689382146
616519983
3048323587
809588938
160421428
34675172
1135140971
3662782186
4115460622
575570622
510891061
278676389
3955753531
2732426234
2926255084
2373159091
1822170587
3457511086
2031185861
2440089548
644222643
2903942516
2596741193
1264731569
2456367724
1860395997
3886089082
2656866034
149574995
2813240908
3276690632
2133056349
3871175490
1946431158
8995156
2737575403
3053355462
2323925003
4130250673
1516328447
3787743654
2074531803
4045261835
3624537857
1312401543
2436924825
360949056
4194519840
904151039
672315454
1767390101
1356497606
3379147943
3060893429
2942179277
3361414208
703574300
1932113248
3997086849
3829899370
2309115431
3807136544
1316850457
2233023882
3536495581
1236043404
2107273275
3674336419
2767215074
2768168389
3252933737
3284239824
394127122
4080248995
2672772245
3941874734
3915746980
1803713289
2026520318
1933461301
3268074754
3520301160
1104983226
1965791966
2129798908
3238116649
3501408418
1454756169
3894606552
4228680867
2220829258
1777459907
2595409401
3461291475
2613116582
3371570416
1630468310
1936869651
2722293327
2713132407
2101962330
3963277084
2026351964
1658390293
3664818993
3079057741
964417749
1526603023
2890967369
2586126396
2107012755
1671194881
2849102373
61609188
3605102793
247539198
852324250
3073861209
4122299108
764908738
2215432361
4061100405
3390337812
1223534841
1168603554
3717356147
2893947254
2981885004
1039159051
2817966516
1670831801
2313991854
1072260195
3659958936
2659263034
2437557096
1566243001
528284671
1624837140
489780898
2356794905
2026339507
3169154833
3455953506
1457542118
2197555967
986995993
3464137719
3176220742
1753842254
3624278961
3913392846
3609406113
933285142
3769909931
1267073656
1846764913
4276881755
2616937267
690126071
523061726
2938218455
4206295738
2507161753
1207000846
2989301287
2434644273
1170845645
3381763702
3994960862
2906630606
1742990247
1163079987
1139354778
425588647
3032765896
1227409466
711883843
1344112249
1287255103
1931233793
324352094
3081789778
555264728
3161913454
2779877075
1649373207
214233914
522527348
2196643817
1279110629
2245548252
1766780694
517624089
4256381724
3487055475
2166507356
1030801612
504163065
2835092793
2586800575
2995385784
4048252407
4287867370
228688886
2665035576
2695091684
1818475126
3963785347
4192739454
2105330758
3372321263
2948966633
1243621759
4126381753
3400526876
191672811
2995878120
1853339798
1969257352
3393481856
2506091153
2008758405
1526446893
937042353
1690799588
3456146046
828531117
3171206740
2394393238
711767732
4215380933
135919553
4053717106
800624990
3545658707
3186049847
2904138955
2857400799
1079007756
3695983669
2963989496
1441415641
2584499613
2766059055
800799511
118746009
1640560493
3924441377
2041288708
4211198821
1603119137
4081911011
1012728698
1448933939
515587972
3144160467
15601897
4074839163
960406736
1205230752
1234444050
273114374
3972946172
2228702601
531917569
3821054681
3406423879
2864392510
1410493137
3614816546
1629599933
1736609192
1694922103
1186044975
1989681195
2696196069
169486987
1623099491
1271934828
1898399698
1148529753
700564228
3625159094
1993709182
1708409722
2836525217
1048621171
1507734158
2578626917
3341428249
1967256738
2604812561
3227792030
872780972
72860124
2629615874
3404721920
874684222
3399150088
3383835836
3815337128
1369872428
607061384
3358020209
289460395
793744986
459229831
1320590682
2777998046
3027736326
3380696543
2429482256
2439830423
2799200387
2285261280
3778107548
1553368740
4078992986
3682888763
257201483
4008377955
4099156884
3344410680
510846771
2160893917
782568383
1851613858
3122180578
1593913159
3948074553
1206709506
1736556918
3742642452
2948955388
2023729094
1507456819
4160647853
1322304962
2393045678
783747940
382894394
2721791999
1839287992
2673616988
1054124056
2388169452
2818865141
450404429
2130460173
1119716671
883326755
1196754820
3470454664
3689584687
142550761
2393151359
1378603342
879280235
385379241
957803786
2387364612
88437220
4271919617
4249494699
330058609
305721410
3430599647
4061170259
3513859050
2355124154
2985109271
488563382
2567244394
3805033239
2937593721
502384449
2615521591
1461673750
1082722005
2769412250
3072902724
3319325468
3375513353
4064079910
2093522132
1824576945
227033031
357505207
4235161864
3999228848
3121467470
2677824465
1790177710
2962952705
2720688363
2390270361
291531524
4147414381
960914910
2012041552
1557918985
100988170
144495
3720267673
3381255167
3852238698
922301198
1974693892
1731393615
414468505
3232520847
1169993863
3365974776
2048062033
3386232799
3198600972
3248280374
3583173816
2880225753
687209162
2941487223
3877079369
1077286482
2021849386
1519841976
2898644618
3200417433
2829022485
3999978062
952304373
3428352648
2814195565
2352471342
1373955101
2798711001
576442670
3261772462
4171859493
3489978920
1630235507
1183505668
1179956819
3476715615
443603257
3102045156
2257551902
1110074916
797569339
1938054591
1662269109
4237812085
235837513
2047617825
3012328507
2651248986
268884350
3460565811
2024839134
1244427019
800344446
3333625531
1886405312
669491330
1695328600
1609084810
1317538050
1308876337
4060106799
2162825517
1531185997
885389797
570503765
194086180
1158681689
23922690
2255099988
3578571529
538667001
3209269550
1775912345
3705465922
3131406255
2728647818
1324159935
1608777542
738720406
1209380026
3606137885
317690938
616485062
569686424
2494080460
2805279340
3826941075
2482476788
1459629362
3258222916
392948395
1035162919
2080520264
3028279971
3700290790
2897421491
653615087
770983063
2800532050
3683054149
1423602791
500092852
950914071
551826816
2574021294
4159001843
3448843046
181555464
3313803952
2318811911
36856745
2184598502
312474129
1430378713
2241086984
2489570504
4044365371
2813663124
2269091589
1126390264
538941769
737017784
1985784322
1946047945
3079638776
3531585521
1911946412
4006342388
1954807092
1782173972
346063537
3858727186
2703007747
1506945565
1627698905
3854879164
3755863137
62935288
1922413600
2877484915
3668327517
4138954911
198780620
1419924047
3364504996
3534577062
2114395477
2755661334
3559870459
3597227792
1324000074
839925990
2225759881
2625582431
2979786704
3965554255
3458355587
3812095642
4242377852
4057746416
3862347615
429381367
4237532258
3418434062
3876837660
3981970282
129716478
3918721079
872191941
328887314
2771546045
1375742562
112191870
2950221726
3357013127
1623540843
314857103
3406146016
689001667
1708214345
4194623613
2806688509
3279844605
3237759172
2240542418
1859807181
1699716310
16102417
2262269900
800407695
1066026103
2393491562
2248044652
2239300619
4207323015
2566351614
2294041497
279900697
418451878
1637771513
779634589
4130524678
4098970374
1318635798
3701485292
1353323658
2019431152
2726585975
3545769837
3167925673
3318428748
2629621851
3534420456
3933603132
2328265110
2068043165
3917111282
4136921602
1088308429
2302283513
1456629823
234585647
644108642
1518735300
3041520278
477738735
1491882099
1721072421
4016313030
2681258904
3187824803
3217374339
1977524990
3972625226
3134366771
2535617347
2721229383
524660273
4121539036
240739599
2582532970
2733433693
1214754062
2810540334
857414935
3315004746
3791043544
2800015545
1534620489
3991653795
1994623154
1839045864
2361974692
2161403737
3403709525
322655266
1708800215
3441104622
924032728
3892657627
2469962572
3482749
2750002209
3842744876
2095094801
1595343868
3452159883
3650021079
1471528417
4224106778
458427853
760572264
2472678709
527119734
3977734177
3466001950
3250106024
860919637
284648698
1593418168
3689097478
875221723
2009703172
2260793477
2309114321
750669137
1857199733
132551129
1963706806
3114230806
113268728
971012878
1821676674
1953773073
1945836727
3129127308
2483395722
1162902860
1923454375
1326705499
2702803441
2895063538
47657853
4274197605
2030753515
1521265051
2150927245
895672966
1229117473
38578706
1543650813
2144513094
4116448091
3721281676
2912097540
3062382
4218001791
2446583034
1673432276
4112757895
2262394570
941369407
3598457045
1002712232
1316835656
4258489650
3987254082
1398185225
136033513
718656005
3986979152
289006983
1255629870
535939131
2279896611
717528910
2947129321
292200607
3196124695
3417397086
4251135322
843101812
2213066644
1428042625
1675153751
1629677617
223974144
1597473900
2291670888
2468884088
757200328
2923869053
2734940111
66569280
3993591989
3219049514
3853939628
52970512
4256960616
4173546386
639558525
3713198009
1434191513
2832682322
2858336514
744457944
1110419944
1475934052
3538586206
2240477613
1506035334
1077372638
3157882324
861994440
1168976297
2187628085
2367747153
2817334644
1593514600
3262243839
3280317273
696187179
1590106669
3985342013
3218804772
1838329510
3954057048
1092640864
2114948318
2896264699
1262822161
1302948656
2982960973
3762551443
1246873028
3129126026
3441309276
1928283925
3454388282
2435230475
3909566489
2689818522
535991497
3977112913
3555302520
2757537322
2398428828
2628619675
470492392
103696787
2843039636
4077008284
4039436823
1444703562
2834361103
3264902488
404552514
3696105979
2517392310
3659972793
388830916
2809107789
1813555385
4198368417
2676343229
3976296414
2653515676
3994464537
2387290580
446992975
2534173882
508487468
1575945538
2864068537
2230806441
1823619036
335749835
2592513129
1031005717
813423039
2548606663
486870176
3870138759
