17 1927
} 3
2069742769
753587639
2589251226
943657206
3598154022
321241518
1083846567
1610190163
2816002361
2840372351
3094674432
669476836
210593982
2623007507
973993744
2732921788
2182314542
3590826685
2668115873
3984209534
502020504
43566498
2599782990
2875409171
1102948707
3131738691
3042402897
2658413943
525603716
597782167
923362760
3485126282
3966982847
2578157123
845259024
913076289
652229104
2496639026
2933402319
505982851
1288900749
3411455190
2061576160
321247928
4267244419
3695630209
1897363406
3997381461
2937732002
4195343280
2087430494
1830741856
2289593637
1659463601
3631980011
2135789438
1719850493
3379013240
175554644
2170838977
1801205518
1902537426
2933450018
841945469
2191313326
739057340
2664839684
3356064563
802512535
771620423
1828670922
886048275
2256413500
3920144710
4105245892
1495290462
585501982
2119692132
1262424259
2552600330
3473602502
2644519959
2646216043
1312350948
2377539933
2294171796
1922803222
1202709737
4000206728
291288154
1038458545
2028766501
2493263749
1592500511
1420629103
6819536
1730585635
4086663784
2480052370
1140166812
3660693777
2420377524
658651110
2513697957
4173936946
17602792
2443313000
2173175176
2329267663
2085867241
3764709483
3973857370
4121924453
3613209536
1198338812
2026317721
1729733163
1873613029
1934997763
717115574
37701435
677815623
3590690709
214781910
2312598263
2564976547
3784243427
1416617463
1905972555
629027440
3601062829
428235797
91059166
2407643181
2739391037
3115505182
2635690953
2669877332
3576531252
3590929185
3830350626
3569874116
1877270429
1875237009
2521407072
602475371
4259838866
2970050813
2578354618
2877779119
3449352452
1896364998
2027272315
404315699
583025792
2746721007
55417957
901424043
1246866897
3644186784
2853674387
1380007233
1143608161
1376122714
2143301938
3932235910
1983049706
2108441490
2764521904
507757983
826308875
3906286658
1981698772
3046326295
3819979946
561939488
785084825
1855959723
1471158823
2434529933
570711660
1780319424
2846867194
358447502
3654306746
1063191464
4195123249
1676248435
243994659
2474269594
3706581948
105449121
2022414625
2889585746
1356900474
2235234407
1131410221
2216586252
2808219012
2612157620
2856283493
3341302922
3887728163
1454556895
1930338983
321066910
1630642023
1728013222
698476970
1687033137
1125412088
1961441928
2873776381
2420617095
1021474392
3883304463
1044202184
2775678237
3258649003
875644231
1983310494
3620728341
2910617420
1804380415
3502410886
3984856
2616286123
2908661169
2940335317
3878028183
2607096079
338641597
1198193428
2712513988
1325724664
2155128112
2643313541
2889767768
2819288572
3664656443
2154827181
3477129094
96193144
3336189195
229099052
3076510988
1006605641
4102399939
2992021512
4057653739
1765375762
1807148966
2593729633
1108756587
647655731
2185428967
1496714069
3547455857
2003446976
2967610557
1386128330
2159251335
3021255249
4210319124
3652170974
2842847791
4201667907
3217741000
1083196914
2209893644
3732481974
2629025476
1137760301
3283139293
3179437013
1173276756
203056044
1451829900
749157330
968047790
4214875660
466449235
2145859624
1369793513
1342175026
3389188916
3081436541
1293952132
4284607649
1312532506
1423126554
1461457099
3091520286
4033919582
1225262074
1055394905
2546647134
3138033094
945976925
2005038545
4005231869
832937983
4142180392
3499049968
1337515481
1494777385
2796485643
1245396342
942507047
1556923568
2122588430
3415098479
86884064
4155209066
3777664647
2973077937
3581111592
3067321197
936749150
473386961
3307732614
2619155169
3833743331
257644813
3532111075
3892396405
3395472563
1431450551
3127346412
2416762064
2946874307
2579692200
2309009538
1511781542
2198945115
3461284394
4267838052
2563692903
1247651998
1122545157
2645804816
3745735572
2807740967
2138791765
4086533749
2219882167
1816186314
1204146919
3667487832
3527277493
4061297283
897741088
2973455660
540138880
3660602778
537788183
3078890966
933952270
1243187250
4031561757
4029422803
2569359321
67620604
3169241813
770807416
2111489147
1453860897
3641659130
2022892797
30866743
2628963535
2533909590
408035304
1624354051
2256205488
3761277450
3594602832
1046245683
3277807928
1355212905
3683166912
1687888660
3818544718
1204248371
2251426005
3207930469
3951393725
2742063403
1840316579
553980033
2859212117
2896672946
1971190673
2167303693
1394903054
1772332041
1711775567
2982914509
130170934
2791717311
702105292
2613171330
3543658931
2084493057
2184985306
536093331
828924622
1980642169
3920854928
355575511
3996603054
4089686996
1013921027
3373683188
3958919929
1969929037
3207913239
259288834
791462305
2347417345
4066697741
142440918
241233410
2121254594
4170573381
144106604
3316860119
676100682
1883177430
2168966496
3002646370
1898739719
343175470
2048810821
2227463494
954260761
616361384
1352353163
2898527869
3365587885
2755089819
266145457
3317037070
814645244
1414026958
1404107503
3876204215
2537943211
549911520
1161474628
125204850
4133701370
2580859018
2654383576
3294373576
78453560
2640787970
3629849964
2076644419
2103711150
4138468670
3202925608
4292609300
2025730627
3998370893
4003974385
1931375085
548656613
3615820842
1264709644
332759211
1301893882
3651804024
2985400244
421071489
2368828161
3896268334
368468288
194164809
1562258940
1575732420
4084836339
951254017
3148507093
1902644142
3526567168
2398492713
3352778259
3312118388
392025630
1715454715
3343638829
2183844793
798411753
2026939271
1180082769
3205610116
3099066473
1383179087
1498426610
1205204368
3041632420
3548674939
794618421
3603043325
3915432063
2458235916
626863470
98092051
4174482590
4148216451
1176389034
2949274583
608478481
3861446019
3522742778
1495967903
3517018176
3477938753
3738329402
4098426933
3471939372
278683105
2596267064
3743996634
1523576025
760861027
501427046
2148640343
4127583481
2753110871
3316744511
1370294698
3761509600
1640979283
1660044867
2597359208
3591706048
1241170731
1090924696
744776751
597693690
4192701895
1278386921
3370759902
32156863
749286863
4137224402
3042715777
4177445065
1661372042
3767501832
2429406674
3438275142
2151812114
416988439
3477049426
1243088935
476395466
1975730239
2230460849
2462694517
3020688724
2780592005
2016555788
2209655769
3213929000
1428491827
2102364454
3300801267
3429448419
3199946049
2100347326
2131609758
941225408
1757071967
2966885007
4070002416
227443839
3528073360
243405138
3705651123
2805802923
3904923381
1676796378
1758232393
1990242330
3348347586
2112427504
4007631893
1721951159
563754619
1233966574
2643510968
1196592017
3899864680
1941408112
372649781
1644434256
2434325187
3385303747
11542150
230349363
3143154494
861500399
3182309238
2080048274
317383837
3909613119
1528199884
4018391494
768078980
1510224612
768219878
2471150510
3855130238
3669857261
4051235695
779916062
4043594583
4196621924
3838220141
3893965448
1749772253
3743275310
1306437992
4193846615
352657976
736834555
1978742618
2542699361
997287395
1213101613
3242839903
2867328572
3054410896
3218793935
1496336140
1155233371
2818117013
2229410061
4032742038
2189046522
277086885
3866063744
4075048029
2117767314
479025495
1026138903
845850329
3780611384
3911671426
4075820208
650344379
2810996025
4020128490
2094044963
3658377481
3767273590
1516061629
2689100371
3957417321
1243822753
3214142997
296073646
3286326390
3135814038
4178906123
1938312063
823628810
579211304
54367764
1623304505
3239515623
2163199129
2334380348
106399342
219722272
3971414048
373419623
3266552236
3086616829
3571152746
3192308351
4221974605
1051552089
1980313795
3332893972
954419823
15997264
3407850037
3729932301
383479194
4210969097
675898369
3021323903
332709232
2992633378
2038333269
2216459545
2671372931
501865908
1360175688
1120411818
464917238
1523818510
3358558068
1609041295
3800488715
3456548505
1695584107
1049962066
3719168138
1121275442
2904676307
3178662704
877488468
2544069905
3901698923
1561314572
2338082563
2513413974
279979244
2368308292
1049664540
840361747
1289706769
3680679411
758900545
281321733
1169382426
2233272553
2329782801
1472880415
3020256230
605600822
577399454
3462513824
545884612
4252865972
2172994021
2063240699
3937479276
3265922727
104963739
1022044420
1350284174
3367297361
910699188
3481648540
3455708357
2591809174
3024934650
332763680
2081546284
2125149699
2139417267
568673311
2339355769
463455196
3132687765
2726943573
875147339
1145801601
3063533768
2694207375
2140839890
2234369389
146882701
2761320229
3454212302
528360518
927698538
837015988
1724792504
4119165472
3147989141
3152036964
3105562001
2230180722
1261052265
30495798
2795148498
2130302839
373765692
133066812
3549026698
1533816628
4063786506
3385515060
3898537683
1094461307
3252879593
76461294
2971772903
814855124
1235361317
3658757876
1308867041
3190376165
3182134620
3979104368
2081485814
3381935354
4037286137
1005448236
1042254579
2763583591
1302173040
628039743
642061591
2492469486
4176894151
2898112006
1597903219
845549649
1614179121
175404494
153117198
1692816659
2794524328
599678334
965146529
1930293504
821798190
3549350848
1514575157
2814426034
2663049501
2369742861
372722178
3427825012
289052815
3444922780
1314559392
3004246694
3509889510
3306909900
1235970032
3905069649
3070569185
3047745334
1113718857
2834848237
3784259718
385418349
4196225144
2830137548
4105099188
3847310251
1151180407
1609301244
2635756178
2380716188
3018977207
236444696
3340267997
745094442
170683131
3033348324
1731307430
1706184067
1232173974
325457212
1772491109
3323685071
2345330451
82561685
1745958953
206800964
2287467830
1985416173
2532706751
319557011
1767064172
1022197395
4048641047
1820202642
1936648973
781082228
722931336
2853004996
334766237
2684747837
2260244717
1703735933
2172673194
3514084911
4010211072
3668201516
4050123031
613235003
875541703
427081810
4197033377
2664847190
453157782
2259748971
225515039
332752432
2968531999
2963467212
2005846572
1324678683
3291412516
3728169824
3212499638
452675207
2229057032
4112318916
1747244013
3944173258
936035379
3855352814
1443359803
897553912
2501897436
691074835
4224109598
2237683820
3127792202
1012771483
4276476696
3601348037
1134039760
4290381169
2938556069
2382205772
1983458648
3706775730
1890508805
3682180162
4091618020
3733517652
2046870534
4282747689
3012119123
1206212180
2362436482
2724500388
4080072163
221907927
4168572194
2894899227
3141864967
3853159170
2841808676
1197776411
4048944621
843011592
3384293908
1390264529
349965428
3563923695
3384784040
708726613
3824405871
3307812730
2328512377
1863625853
877875082
2028823595
2207247633
1817573349
1335499842
2528321842
3741113417
3270712465
2756642822
522513717
3522871489
1181638264
3073731888
3465102969
3547306399
2397626127
628410993
49056983
3193991904
4281837804
3001213757
2977971685
1539822388
1211756022
3875417347
301645042
4096342467
2979233513
4115900115
833960336
3488023107
4188665725
2047797430
4023648336
1726082159
2696026643
1072613872
2310913920
3057078971
3816787308
1350115915
1282136338
1679655502
3380121289
3415534658
4064427311
3380843780
179187019
537286299
610988851
3918491556
1900364443
1401331335
1146128612
3392202557
2893174848
2347844520
44282711
1383336944
94431195
1480561908
291704053
783718169
1006083072
