881 37
< V
3460131449
2878140386
2088496437
1099149584
3859112968
1291292518
80976784
1175530178
1036472219
389206800
1068028442
2841804366
3744032574
2882052847
3819866449
4129789966
2238842564
2166237216
1576893747
2223549618
867200214
2786065181
2080170949
1466708001
4269793322
548037038
360036453
4125336799
3628361385
1357313197
3558564710
1646104344
358223012
513863920
1774086152
1863478193
294964025
2266249871
3006063252
209392519
1194910477
1851434303
1985637136
2409568374
2370927564
1150576565
2496005947
1911783992
782942038
1704910346
580557692
2452847451
1707910712
707889709
1916351807
1275952507
1738072915
1670243035
610724046
23831919
2687968203
898203798
3151176916
3457541950
4020785946
1455534091
3581614602
3461572181
3846726019
1679888917
3125964455
912878144
135984467
1110740184
702361576
3126908866
2247161877
1420417819
3119198743
1676298101
453678172
4222844865
1697300353
976929984
3002844206
349230091
1765196447
2986469549
2278280195
890292061
537878390
1074122558
1078949108
1466632323
881376588
1188407063
2832637678
352288082
904074913
2840867207
2398880441
3860243249
409568395
1626414410
1951654913
804616960
2521575833
2270781012
1992478851
1307374820
2683159966
3182042904
782930436
3406766307
718778418
1655169354
211341031
3367651164
48940767
892815706
2823617982
2331827879
3677286710
1151765312
1269810495
1055507774
3246967354
2201909086
3986874426
822358144
709941216
2937708650
1682453580
4003666369
2186084657
1399323858
2592059475
97581649
154771829
1738492876
2262835850
3783472480
1206019259
363937752
2330499120
2421646977
4246812213
29350895
2861799351
3671207194
2022070065
3550249777
3625832296
4043672372
3446557720
3915906272
48272423
1963702658
955831483
3403648874
3948062324
749644178
931873173
1100638151
3064947746
2740655553
1877745589
3660468569
2541132170
3790518748
2566240634
1264216769
573909161
3535787969
1034850222
3645660449
4234772284
912325010
1241491954
1060641015
1870004653
2904880556
3737424016
3344163510
102845606
2604301072
1074021358
167371845
325797636
3852307122
537615997
1939607508
617790093
1879130322
2796331442
3189372743
530493924
3650016837
3238321808
3860892248
1890784617
3330597708
4020903702
3944961462
1685637639
3462876059
1527748901
4057333298
3854126745
2684765952
2805871581
967508198
1710263854
4140904969
3560470379
2727982681
1277853659
3062388987
3742835724
3343122010
3550297070
874769070
3469537019
2954547869
3192561035
1503303191
3158903222
158058185
2357058792
4059297734
3979477505
6064098
4238485571
823495290
1137938523
1709874873
3364645538
3935665601
744757448
158487080
3126319929
1677971075
213923754
366328517
3706003217
3930277015
4032441464
1396986988
4220924547
131554843
2209854258
3983203018
4221300252
1240743438
1822661528
989961098
1339304672
513926415
2842497522
3635236150
1051060137
1521172024
4193104711
1457013524
680557746
3502332105
2429605958
3464950347
1968626489
4089091614
4070339389
8910693
3762636563
2683858275
985306631
3302952781
1185727842
2543931023
637547634
2631144982
2082707673
1717754789
1574484780
987387145
4046650588
2411667509
2529280492
305309695
2489338297
3903828031
2646194170
300563619
2541603783
1954781796
1287819953
318937138
2402039378
3847937531
2429475220
1221225378
94664245
1714975018
3270397602
3906310924
231639530
3349332129
3902088201
1688666945
1462290108
1050011411
3482976856
1521797454
1029646018
675409945
105324543
3724981235
2758191485
3337871613
2049527288
3103114995
1794655840
117836091
2852845101
2705630542
1550965612
1694214114
2192820791
3668042671
2119098150
3281436094
1453004732
3007769336
3978419414
912513827
1178036612
3490203976
3853089541
1945659531
3459337595
3780893002
441803203
252929621
789445924
3121523353
4099772884
3154185014
68942965
2045637742
840835387
363754723
494003056
2700747118
2420311226
245268798
2006909741
2792694502
401250514
482247453
467162489
2659887028
1408687038
4233089614
2716315525
2632256510
1643432536
529063692
3777754780
1468803975
359836778
3846128226
2093233172
341782660
3252529399
3463902962
1781793319
1269383408
230158139
2017509319
792609024
4103382607
3654684544
1931704983
1248898881
855909743
1202126981
4180182808
1505333163
790764266
2166847715
864643664
3913841335
499227783
2619570908
3412903309
1372929332
958581743
488632620
3345472927
1836982151
3905304237
738201620
3412432483
2213605737
904818695
1720556103
1020557067
1820293507
4015597846
142571662
1522105678
3584866713
4288307821
1972251194
2748733983
2612355957
1351603937
2381483339
654729857
1007903684
3777315006
929396485
3776495363
3138004368
3349250772
978931162
3462106332
2562173714
424422009
1492681200
4163175157
3388660260
3171140845
2259217676
2615263519
1864155049
4117277245
2972586107
1508341660
2950558387
2900115774
1931057702
523262540
3629400177
2915257216
1653841553
4055485990
2946764001
1988461223
2763521791
1215012887
2853978647
4155705351
2713449812
1266064524
3667893898
1645944592
2730330975
1128858954
2941680353
376849464
889867595
1643292158
3734494730
1142899723
3184332547
4202469282
398304289
330118882
1732055403
773433308
2524921622
80610897
4102683091
1245813124
4118853798
3204262456
3898737873
337917939
343295045
492320748
3014739221
2920657158
2786600012
776841256
4103703576
488428488
4265473071
689604770
1145602101
3764555248
2434514233
1189221711
2207264833
2187481777
463441459
1915164424
702033598
151741263
4152621080
3528299358
3911610107
3783859249
3949759054
3425889961
4083186143
1424142997
327616422
3021222880
2065754121
3960888796
559974812
1848525170
3719425799
1315475520
2406217981
1002446268
2337239133
1369872232
3277004395
2359430149
778957666
2730182670
2862435522
3171718534
822107983
3564267390
1334019737
4165763288
771444467
2154040395
3820029333
1790264552
163928078
1609527066
2284520068
1186971207
1885395318
3680068120
3809470733
1587558830
2974477215
2361698832
1240475722
2852633247
1137007352
3057264937
3092962979
3799018509
4213563688
3775273984
2669410183
34193899
498407156
2268119589
3437770717
2756284184
909572180
3567233195
277887207
3180469301
4236938628
3105285807
2728278362
1633180704
386197271
3674160583
3269988586
2546095365
664091214
3940124092
849979792
2098156105
2019833601
3869992947
1255329367
2990726104
3959952610
1541477657
1295910790
3108133875
3817474886
4180936511
2709559712
4196875615
3767213158
2024548369
1960236730
3618830558
1149049219
2410281702
275379890
888734648
2356571777
3595126175
1708056569
1210636994
1139494764
1253684442
3080245312
3433969166
2771490378
1266993586
511223419
2158390784
1666797864
3522616928
4124169897
1132327898
3882641375
1045901713
4220529093
1759180784
3016481201
398849968
1587333812
755684047
1272624432
1417546834
1022935481
4019568674
2005991627
164833714
1565265203
3657099570
1284750899
3343780794
2655345388
3558280197
465030630
2929380695
289912501
94261266
3605531698
4001564106
343159895
2498665934
3289521558
4117058019
675439814
893141645
1766312803
3105077868
3393642854
2062713900
383741601
1016214546
585019024
1005832430
1169877178
2881678009
3065888861
3421822524
2570316364
3133367727
402772623
3432467016
3737199677
3620037395
747414053
1894101514
327165740
2048052083
3341541029
2173076633
3938791866
3185241503
2957195227
1732742910
3160099435
1962173267
362553603
1881549508
84987000
3998834133
1707373402
2857831198
3992813027
3071609333
1074834710
2878730668
3330378998
1826471218
3259743032
2339902584
3047409226
3504578741
2536444890
4105045431
143897081
419525558
3723624146
895575300
151543349
334273173
3057848506
1034178368
3178715491
4167364311
141622801
2127911911
1647251641
178451284
3820005206
2560529014
2075960655
2095510649
240395486
238090177
277526116
2382996752
1146825456
1360975270
1939116784
2984000149
546913369
2621463452
3952348100
2568294805
1835235318
3032066689
1115484529
838363187
653168204
1535276289
1710408781
3370089789
388737304
1395984915
138103845
96784240
3427141270
1732992005
440618309
1457952660
2940915269
4147642996
3356328847
2361848854
4033532085
2899512918
3756962554
1377705573
2598734940
728492809
406459708
4027594806
519003674
3401814561
2987496284
2378948421
2727737652
4150678638
211234263
367515809
676909259
4027192289
2263662016
1835472757
3018520064
2670626897
192776276
96197749
2170414718
3949144337
2665652360
3950078392
3314307027
1797713416
3928845617
3914431122
4074983924
1050338962
2334052869
3084374680
1747983092
130598302
522640623
2502058485
935413221
467492395
2550479928
536213724
1652648502
3544075941
2065889109
1312015793
814747348
92135511
3276492057
862018001
219810607
3263206406
1432698418
1046823064
2051774531
459347004
3977486836
2900336323
2115648087
2325017767
2620884094
2250921168
3306606216
3099859566
4060783964
3236453924
2273573106
3132553021
983585074
3201891452
3389439835
3594700097
2433889274
3675564932
2722441026
816336233
3223236625
1523079551
3157134671
2160524565
1189501406
3583612688
2576567606
3188804333
1316388764
955870424
1272077905
4172004426
250856690
1231635517
1412838797
114701661
1610020861
1917081132
2882670868
2919287049
3372011501
1983427231
2763150433
2574795336
3218476805
96198950
3165208848
1737681989
834305499
1067913492
259626024
4284015682
2985326618
3102393892
1903407459
2731983176
2952148845
755903151
1647308135
1447953374
3557530899
1151475455
3627933460
3806036720
1934664342
1176698700
999281872
1525269970
3693533493
4219648219
4095909701
2238699251
3666664587
3343686582
591623957
473839468
142853523
1896903335
990164230
2010421037
3256260343
3680885915
2928897069
1209189070
2578939155
1017367595
3080714318
3954982175
1964816221
1313873088
2568811673
1616373547
1200098262
1747525391
1514233668
3731372986
4133676097
563375031
1700404898
1862702832
2427208669
1697774741
2975917612
1498698587
1665560724
2217979822
1879425294
432749168
3013972291
652041692
4253546012
4018940369
2219874947
3254528352
4035627541
865870887
2056364698
637312175
2895350700
1877658069
2259262302
4185034100
701414966
907153862
441335036
3377953756
1906995253
3888170237
2237854625
696652194
4037372674
475962515
2486703028
4286327167
3687350179
3462130351
1208326043
3739983734
2915642106
4167504481
781429980
2743015895
1032205190
3940620892
3065151406
291708043
3165723196
876805776
2350052113
4220688434
1836582220
544206531
772144824
637643008
4215139322
3072872143
2507658400
430252745
1978772720
312725036
790358872
3472362436
2457199215
1243395819
2329225168
2142019860
2449982541
210448650
240942042
236806835
3341765890
2181094248
3305291140
557935791
2958801491
2896073784
1028660533
2617256035
2247807447
3956823003
1552144814
785036389
361423433
2311746768
3803940989
3686293234
4200067171
1298680084
3130486638
3711360340
2104022759
3824391216
1968768626
2908788853
2361681040
198632094
107203588
240337517
1884134383
4117821053
3648457342
3119878146
1884962911
1539406734
813561812
824989646
529862263
2587400479
3077541786
3907193454
3102046382
2622650143
2736213882
1833836937
1057935811
3747500968
4167301391
1875064922
3421035342
1031743476
866085880
1015794741
3298521088
